0 		 80245 		    80245   0.33188
1 		 30009 		    110254   0.455993
2 		 21613 		    131867   0.54538
3 		 14905 		    146772   0.607025
4 		 24666 		    171438   0.70904
5 		 7819 		    179257   0.741378
6 		 5775 		    185032   0.765262
7 		 5049 		    190081   0.786144
8 		 4041 		    194122   0.802857
9 		 3516 		    197638   0.817399
10 		 3014 		    200652   0.829864
11 		 2681 		    203333   0.840952
12 		 2370 		    205703   0.850754
13 		 1943 		    207646   0.85879
14 		 2022 		    209668   0.867153
15 		 1762 		    211430   0.87444
16 		 1584 		    213014   0.880991
17 		 1451 		    214465   0.886992
18 		 1152 		    215617   0.891757
19 		 1028 		    216645   0.896009
20 		 1049 		    217694   0.900347
21 		 835 		    218529   0.9038
22 		 856 		    219385   0.907341
23 		 756 		    220141   0.910467
24 		 871 		    221012   0.91407
25 		 705 		    221717   0.916985
26 		 672 		    222389   0.919765
27 		 686 		    223075   0.922602
28 		 613 		    223688   0.925137
29 		 493 		    224181   0.927176
30 		 483 		    224664   0.929174
31 		 490 		    225154   0.9312
32 		 514 		    225668   0.933326
33 		 408 		    226076   0.935014
34 		 373 		    226449   0.936556
35 		 383 		    226832   0.93814
36 		 381 		    227213   0.939716
37 		 309 		    227522   0.940994
38 		 292 		    227814   0.942202
39 		 298 		    228112   0.943434
40 		 352 		    228464   0.94489
41 		 279 		    228743   0.946044
42 		 279 		    229022   0.947198
43 		 243 		    229265   0.948203
44 		 301 		    229566   0.949448
45 		 228 		    229794   0.950391
46 		 227 		    230021   0.951329
47 		 232 		    230253   0.952289
48 		 274 		    230527   0.953422
49 		 195 		    230722   0.954229
50 		 180 		    230902   0.954973
51 		 194 		    231096   0.955775
52 		 223 		    231319   0.956698
53 		 153 		    231472   0.957331
54 		 180 		    231652   0.958075
55 		 153 		    231805   0.958708
56 		 169 		    231974   0.959407
57 		 166 		    232140   0.960093
58 		 235 		    232375   0.961065
59 		 125 		    232500   0.961582
60 		 151 		    232651   0.962207
61 		 155 		    232806   0.962848
62 		 127 		    232933   0.963373
63 		 93 		    233026   0.963758
64 		 124 		    233150   0.964271
65 		 118 		    233268   0.964759
66 		 140 		    233408   0.965338
67 		 108 		    233516   0.965784
68 		 148 		    233664   0.966396
69 		 100 		    233764   0.96681
70 		 116 		    233880   0.96729
71 		 86 		    233966   0.967645
72 		 105 		    234071   0.96808
73 		 71 		    234142   0.968373
74 		 76 		    234218   0.968688
75 		 82 		    234300   0.969027
76 		 83 		    234383   0.96937
77 		 86 		    234469   0.969726
78 		 77 		    234546   0.970044
79 		 71 		    234617   0.970338
80 		 91 		    234708   0.970714
81 		 97 		    234805   0.971115
82 		 78 		    234883   0.971438
83 		 64 		    234947   0.971703
84 		 87 		    235034   0.972062
85 		 61 		    235095   0.972315
86 		 70 		    235165   0.972604
87 		 67 		    235232   0.972881
88 		 60 		    235292   0.973129
89 		 72 		    235364   0.973427
90 		 53 		    235417   0.973646
91 		 76 		    235493   0.973961
92 		 56 		    235549   0.974192
93 		 56 		    235605   0.974424
94 		 73 		    235678   0.974726
95 		 49 		    235727   0.974929
96 		 52 		    235779   0.975144
97 		 48 		    235827   0.975342
98 		 42 		    235869   0.975516
99 		 54 		    235923   0.975739
100 		 45 		    235968   0.975925
101 		 36 		    236004   0.976074
102 		 46 		    236050   0.976264
103 		 45 		    236095   0.976451
104 		 91 		    236186   0.976827
105 		 49 		    236235   0.97703
106 		 42 		    236277   0.977203
107 		 148 		    236425   0.977815
108 		 46 		    236471   0.978006
109 		 51 		    236522   0.978217
110 		 35 		    236557   0.978361
111 		 37 		    236594   0.978514
112 		 39 		    236633   0.978676
113 		 31 		    236664   0.978804
114 		 23 		    236687   0.978899
115 		 29 		    236716   0.979019
116 		 46 		    236762   0.979209
117 		 36 		    236798   0.979358
118 		 39 		    236837   0.979519
119 		 45 		    236882   0.979705
120 		 35 		    236917   0.97985
121 		 37 		    236954   0.980003
122 		 31 		    236985   0.980131
123 		 44 		    237029   0.980313
124 		 27 		    237056   0.980425
125 		 59 		    237115   0.980669
126 		 41 		    237156   0.980839
127 		 160 		    237316   0.9815
128 		 54 		    237370   0.981724
129 		 38 		    237408   0.981881
130 		 37 		    237445   0.982034
131 		 29 		    237474   0.982154
132 		 30 		    237504   0.982278
133 		 30 		    237534   0.982402
134 		 35 		    237569   0.982547
135 		 46 		    237615   0.982737
136 		 31 		    237646   0.982865
137 		 29 		    237675   0.982985
138 		 24 		    237699   0.983084
139 		 17 		    237716   0.983155
140 		 35 		    237751   0.983299
141 		 21 		    237772   0.983386
142 		 26 		    237798   0.983494
143 		 31 		    237829   0.983622
144 		 26 		    237855   0.98373
145 		 25 		    237880   0.983833
146 		 26 		    237906   0.983941
147 		 26 		    237932   0.984048
148 		 20 		    237952   0.984131
149 		 22 		    237974   0.984222
150 		 28 		    238002   0.984338
151 		 22 		    238024   0.984429
152 		 25 		    238049   0.984532
153 		 26 		    238075   0.984639
154 		 29 		    238104   0.984759
155 		 47 		    238151   0.984954
156 		 34 		    238185   0.985094
157 		 17 		    238202   0.985165
158 		 19 		    238221   0.985243
159 		 15 		    238236   0.985305
160 		 25 		    238261   0.985409
161 		 14 		    238275   0.985467
162 		 22 		    238297   0.985558
163 		 13 		    238310   0.985611
164 		 28 		    238338   0.985727
165 		 16 		    238354   0.985793
166 		 17 		    238371   0.985864
167 		 17 		    238388   0.985934
168 		 24 		    238412   0.986033
169 		 10 		    238422   0.986075
170 		 18 		    238440   0.986149
171 		 20 		    238460   0.986232
172 		 33 		    238493   0.986368
173 		 15 		    238508   0.98643
174 		 25 		    238533   0.986534
175 		 11 		    238544   0.986579
176 		 21 		    238565   0.986666
177 		 13 		    238578   0.98672
178 		 21 		    238599   0.986807
179 		 22 		    238621   0.986898
180 		 17 		    238638   0.986968
181 		 17 		    238655   0.987038
182 		 10 		    238665   0.98708
183 		 17 		    238682   0.98715
184 		 23 		    238705   0.987245
185 		 12 		    238717   0.987295
186 		 26 		    238743   0.987402
187 		 15 		    238758   0.987464
188 		 14 		    238772   0.987522
189 		 15 		    238787   0.987584
190 		 13 		    238800   0.987638
191 		 23 		    238823   0.987733
192 		 45 		    238868   0.987919
193 		 13 		    238881   0.987973
194 		 15 		    238896   0.988035
195 		 16 		    238912   0.988101
196 		 14 		    238926   0.988159
197 		 15 		    238941   0.988221
198 		 19 		    238960   0.9883
199 		 23 		    238983   0.988395
200 		 20 		    239003   0.988478
201 		 19 		    239022   0.988556
202 		 14 		    239036   0.988614
203 		 14 		    239050   0.988672
204 		 13 		    239063   0.988726
205 		 8 		    239071   0.988759
206 		 11 		    239082   0.988804
207 		 12 		    239094   0.988854
208 		 16 		    239110   0.98892
209 		 16 		    239126   0.988986
210 		 10 		    239136   0.989028
211 		 15 		    239151   0.98909
212 		 9 		    239160   0.989127
213 		 13 		    239173   0.989181
214 		 9 		    239182   0.989218
215 		 7 		    239189   0.989247
216 		 16 		    239205   0.989313
217 		 10 		    239215   0.989354
218 		 14 		    239229   0.989412
219 		 6 		    239235   0.989437
220 		 14 		    239249   0.989495
221 		 11 		    239260   0.98954
222 		 11 		    239271   0.989586
223 		 7 		    239278   0.989615
224 		 18 		    239296   0.989689
225 		 12 		    239308   0.989739
226 		 12 		    239320   0.989789
227 		 10 		    239330   0.98983
228 		 19 		    239349   0.989909
229 		 10 		    239359   0.98995
230 		 13 		    239372   0.990004
231 		 7 		    239379   0.990033
232 		 13 		    239392   0.990086
233 		 10 		    239402   0.990128
234 		 7 		    239409   0.990157
235 		 15 		    239424   0.990219
236 		 22 		    239446   0.99031
237 		 12 		    239458   0.990359
238 		 9 		    239467   0.990397
239 		 14 		    239481   0.990454
240 		 10 		    239491   0.990496
241 		 13 		    239504   0.99055
242 		 11 		    239515   0.990595
243 		 9 		    239524   0.990632
244 		 18 		    239542   0.990707
245 		 2 		    239544   0.990715
246 		 9 		    239553   0.990752
247 		 10 		    239563   0.990794
248 		 9 		    239572   0.990831
249 		 5 		    239577   0.990852
250 		 7 		    239584   0.99088
251 		 11 		    239595   0.990926
252 		 6 		    239601   0.990951
253 		 6 		    239607   0.990976
254 		 7 		    239614   0.991005
255 		 5 		    239619   0.991025
256 		 11 		    239630   0.991071
257 		 7 		    239637   0.9911
258 		 5 		    239642   0.99112
259 		 4 		    239646   0.991137
260 		 8 		    239654   0.99117
261 		 9 		    239663   0.991207
262 		 9 		    239672   0.991244
263 		 9 		    239681   0.991282
264 		 6 		    239687   0.991306
265 		 5 		    239692   0.991327
266 		 9 		    239701   0.991364
267 		 4 		    239705   0.991381
268 		 17 		    239722   0.991451
269 		 10 		    239732   0.991493
270 		 8 		    239740   0.991526
271 		 9 		    239749   0.991563
272 		 2 		    239751   0.991571
273 		 8 		    239759   0.991604
274 		 7 		    239766   0.991633
275 		 8 		    239774   0.991666
276 		 7 		    239781   0.991695
277 		 5 		    239786   0.991716
278 		 11 		    239797   0.991761
279 		 8 		    239805   0.991794
280 		 13 		    239818   0.991848
281 		 13 		    239831   0.991902
282 		 3 		    239834   0.991914
283 		 8 		    239842   0.991948
284 		 7 		    239849   0.991976
285 		 6 		    239855   0.992001
286 		 4 		    239859   0.992018
287 		 9 		    239868   0.992055
288 		 10 		    239878   0.992096
289 		 4 		    239882   0.992113
290 		 4 		    239886   0.99213
291 		 6 		    239892   0.992154
292 		 3 		    239895   0.992167
293 		 5 		    239900   0.992187
294 		 89 		    239989   0.992555
295 		 4 		    239993   0.992572
296 		 7 		    240000   0.992601
297 		 7 		    240007   0.99263
298 		 3 		    240010   0.992642
299 		 2 		    240012   0.992651
300 		 5 		    240017   0.992671
301 		 9 		    240026   0.992709
302 		 5 		    240031   0.992729
303 		 6 		    240037   0.992754
304 		 5 		    240042   0.992775
305 		 8 		    240050   0.992808
306 		 3 		    240053   0.99282
307 		 5 		    240058   0.992841
308 		 7 		    240065   0.99287
309 		 2 		    240067   0.992878
310 		 7 		    240074   0.992907
311 		 0 		    240074   0.992907
312 		 9 		    240083   0.992944
313 		 8 		    240091   0.992977
314 		 5 		    240096   0.992998
315 		 4 		    240100   0.993015
316 		 14 		    240114   0.993072
317 		 4 		    240118   0.993089
318 		 9 		    240127   0.993126
319 		 1 		    240128   0.99313
320 		 6 		    240134   0.993155
321 		 3 		    240137   0.993168
322 		 1 		    240138   0.993172
323 		 2 		    240140   0.99318
324 		 6 		    240146   0.993205
325 		 1 		    240147   0.993209
326 		 2 		    240149   0.993217
327 		 3 		    240152   0.99323
328 		 15 		    240167   0.993292
329 		 5 		    240172   0.993312
330 		 6 		    240178   0.993337
331 		 5 		    240183   0.993358
332 		 3 		    240186   0.99337
333 		 4 		    240190   0.993387
334 		 3 		    240193   0.993399
335 		 9 		    240202   0.993436
336 		 4 		    240206   0.993453
337 		 5 		    240211   0.993474
338 		 4 		    240215   0.99349
339 		 6 		    240221   0.993515
340 		 24 		    240245   0.993614
341 		 1 		    240246   0.993618
342 		 3 		    240249   0.993631
343 		 0 		    240249   0.993631
344 		 7 		    240256   0.99366
345 		 4 		    240260   0.993676
346 		 5 		    240265   0.993697
347 		 1 		    240266   0.993701
348 		 6 		    240272   0.993726
349 		 5 		    240277   0.993747
350 		 4 		    240281   0.993763
351 		 2 		    240283   0.993771
352 		 6 		    240289   0.993796
353 		 5 		    240294   0.993817
354 		 2 		    240296   0.993825
355 		 3 		    240299   0.993838
356 		 6 		    240305   0.993862
357 		 7 		    240312   0.993891
358 		 3 		    240315   0.993904
359 		 3 		    240318   0.993916
360 		 6 		    240324   0.993941
361 		 1 		    240325   0.993945
362 		 4 		    240329   0.993962
363 		 5 		    240334   0.993982
364 		 1 		    240335   0.993986
365 		 2 		    240337   0.993995
366 		 4 		    240341   0.994011
367 		 4 		    240345   0.994028
368 		 7 		    240352   0.994057
369 		 3 		    240355   0.994069
370 		 4 		    240359   0.994086
371 		 0 		    240359   0.994086
372 		 7 		    240366   0.994115
373 		 3 		    240369   0.994127
374 		 2 		    240371   0.994135
375 		 5 		    240376   0.994156
376 		 6 		    240382   0.994181
377 		 3 		    240385   0.994193
378 		 7 		    240392   0.994222
379 		 2 		    240394   0.994231
380 		 6 		    240400   0.994255
381 		 4 		    240404   0.994272
382 		 4 		    240408   0.994288
383 		 2 		    240410   0.994297
384 		 2 		    240412   0.994305
385 		 1 		    240413   0.994309
386 		 4 		    240417   0.994326
387 		 0 		    240417   0.994326
388 		 10 		    240427   0.994367
389 		 5 		    240432   0.994388
390 		 2 		    240434   0.994396
391 		 6 		    240440   0.994421
392 		 2 		    240442   0.994429
393 		 1 		    240443   0.994433
394 		 5 		    240448   0.994454
395 		 2 		    240450   0.994462
396 		 2 		    240452   0.99447
397 		 8 		    240460   0.994503
398 		 3 		    240463   0.994516
399 		 5 		    240468   0.994537
400 		 3 		    240471   0.994549
401 		 5 		    240476   0.99457
402 		 3 		    240479   0.994582
403 		 4 		    240483   0.994599
404 		 5 		    240488   0.994619
405 		 1 		    240489   0.994623
406 		 3 		    240492   0.994636
407 		 5 		    240497   0.994656
408 		 7 		    240504   0.994685
409 		 3 		    240507   0.994698
410 		 2 		    240509   0.994706
411 		 3 		    240512   0.994719
412 		 4 		    240516   0.994735
413 		 2 		    240518   0.994743
414 		 3 		    240521   0.994756
415 		 4 		    240525   0.994772
416 		 3 		    240528   0.994785
417 		 4 		    240532   0.994801
418 		 1 		    240533   0.994805
419 		 3 		    240536   0.994818
420 		 4 		    240540   0.994834
421 		 3 		    240543   0.994847
422 		 2 		    240545   0.994855
423 		 1 		    240546   0.994859
424 		 1 		    240547   0.994863
425 		 4 		    240551   0.99488
426 		 5 		    240556   0.994901
427 		 1 		    240557   0.994905
428 		 3 		    240560   0.994917
429 		 3 		    240563   0.994929
430 		 1 		    240564   0.994934
431 		 7 		    240571   0.994963
432 		 0 		    240571   0.994963
433 		 2 		    240573   0.994971
434 		 6 		    240579   0.994996
435 		 0 		    240579   0.994996
436 		 2 		    240581   0.995004
437 		 4 		    240585   0.99502
438 		 3 		    240588   0.995033
439 		 0 		    240588   0.995033
440 		 3 		    240591   0.995045
441 		 3 		    240594   0.995058
442 		 2 		    240596   0.995066
443 		 2 		    240598   0.995074
444 		 2 		    240600   0.995082
445 		 3 		    240603   0.995095
446 		 2 		    240605   0.995103
447 		 2 		    240607   0.995111
448 		 4 		    240611   0.995128
449 		 4 		    240615   0.995145
450 		 2 		    240617   0.995153
451 		 0 		    240617   0.995153
452 		 4 		    240621   0.995169
453 		 1 		    240622   0.995173
454 		 2 		    240624   0.995182
455 		 1 		    240625   0.995186
456 		 1 		    240626   0.99519
457 		 4 		    240630   0.995207
458 		 0 		    240630   0.995207
459 		 0 		    240630   0.995207
460 		 9 		    240639   0.995244
461 		 4 		    240643   0.99526
462 		 2 		    240645   0.995269
463 		 1 		    240646   0.995273
464 		 3 		    240649   0.995285
465 		 0 		    240649   0.995285
466 		 5 		    240654   0.995306
467 		 2 		    240656   0.995314
468 		 3 		    240659   0.995327
469 		 0 		    240659   0.995327
470 		 3 		    240662   0.995339
471 		 0 		    240662   0.995339
472 		 4 		    240666   0.995355
473 		 1 		    240667   0.99536
474 		 1 		    240668   0.995364
475 		 2 		    240670   0.995372
476 		 1 		    240671   0.995376
477 		 2 		    240673   0.995384
478 		 3 		    240676   0.995397
479 		 1 		    240677   0.995401
480 		 1 		    240678   0.995405
481 		 1 		    240679   0.995409
482 		 5 		    240684   0.99543
483 		 2 		    240686   0.995438
484 		 1 		    240687   0.995442
485 		 0 		    240687   0.995442
486 		 0 		    240687   0.995442
487 		 3 		    240690   0.995455
488 		 4 		    240694   0.995471
489 		 1 		    240695   0.995475
490 		 1 		    240696   0.99548
491 		 3 		    240699   0.995492
492 		 3 		    240702   0.995504
493 		 1 		    240703   0.995508
494 		 2 		    240705   0.995517
495 		 1 		    240706   0.995521
496 		 1 		    240707   0.995525
497 		 0 		    240707   0.995525
498 		 2 		    240709   0.995533
499 		 4 		    240713   0.99555
500 		 4 		    240717   0.995566
501 		 3 		    240720   0.995579
502 		 1 		    240721   0.995583
503 		 1 		    240722   0.995587
504 		 4 		    240726   0.995604
505 		 2 		    240728   0.995612
506 		 2 		    240730   0.99562
507 		 1 		    240731   0.995624
508 		 0 		    240731   0.995624
509 		 0 		    240731   0.995624
510 		 0 		    240731   0.995624
511 		 0 		    240731   0.995624
512 		 0 		    240731   0.995624
513 		 2 		    240733   0.995633
514 		 1 		    240734   0.995637
515 		 1 		    240735   0.995641
516 		 2 		    240737   0.995649
517 		 0 		    240737   0.995649
518 		 3 		    240740   0.995662
519 		 1 		    240741   0.995666
520 		 2 		    240743   0.995674
521 		 1 		    240744   0.995678
522 		 4 		    240748   0.995695
523 		 2 		    240750   0.995703
524 		 1 		    240751   0.995707
525 		 2 		    240753   0.995715
526 		 3 		    240756   0.995728
527 		 0 		    240756   0.995728
528 		 0 		    240756   0.995728
529 		 1 		    240757   0.995732
530 		 0 		    240757   0.995732
531 		 0 		    240757   0.995732
532 		 8 		    240765   0.995765
533 		 4 		    240769   0.995781
534 		 2 		    240771   0.99579
535 		 4 		    240775   0.995806
536 		 3 		    240778   0.995819
537 		 2 		    240780   0.995827
538 		 2 		    240782   0.995835
539 		 0 		    240782   0.995835
540 		 3 		    240785   0.995848
541 		 3 		    240788   0.99586
542 		 1 		    240789   0.995864
543 		 2 		    240791   0.995872
544 		 4 		    240795   0.995889
545 		 1 		    240796   0.995893
546 		 1 		    240797   0.995897
547 		 1 		    240798   0.995901
548 		 2 		    240800   0.99591
549 		 2 		    240802   0.995918
550 		 2 		    240804   0.995926
551 		 2 		    240806   0.995934
552 		 4 		    240810   0.995951
553 		 1 		    240811   0.995955
554 		 0 		    240811   0.995955
555 		 3 		    240814   0.995968
556 		 1 		    240815   0.995972
557 		 2 		    240817   0.99598
558 		 2 		    240819   0.995988
559 		 2 		    240821   0.995997
560 		 3 		    240824   0.996009
561 		 1 		    240825   0.996013
562 		 2 		    240827   0.996021
563 		 1 		    240828   0.996025
564 		 1 		    240829   0.99603
565 		 1 		    240830   0.996034
566 		 1 		    240831   0.996038
567 		 1 		    240832   0.996042
568 		 2 		    240834   0.99605
569 		 4 		    240838   0.996067
570 		 1 		    240839   0.996071
571 		 4 		    240843   0.996087
572 		 2 		    240845   0.996096
573 		 2 		    240847   0.996104
574 		 1 		    240848   0.996108
575 		 1 		    240849   0.996112
576 		 0 		    240849   0.996112
577 		 0 		    240849   0.996112
578 		 2 		    240851   0.996121
579 		 4 		    240855   0.996137
580 		 0 		    240855   0.996137
581 		 0 		    240855   0.996137
582 		 0 		    240855   0.996137
583 		 2 		    240857   0.996145
584 		 1 		    240858   0.99615
585 		 0 		    240858   0.99615
586 		 0 		    240858   0.99615
587 		 2 		    240860   0.996158
588 		 3 		    240863   0.99617
589 		 0 		    240863   0.99617
590 		 5 		    240868   0.996191
591 		 1 		    240869   0.996195
592 		 4 		    240873   0.996212
593 		 0 		    240873   0.996212
594 		 3 		    240876   0.996224
595 		 1 		    240877   0.996228
596 		 2 		    240879   0.996236
597 		 1 		    240880   0.996241
598 		 5 		    240885   0.996261
599 		 4 		    240889   0.996278
600 		 3 		    240892   0.99629
601 		 2 		    240894   0.996298
602 		 0 		    240894   0.996298
603 		 2 		    240896   0.996307
604 		 5 		    240901   0.996327
605 		 2 		    240903   0.996336
606 		 1 		    240904   0.99634
607 		 1 		    240905   0.996344
608 		 0 		    240905   0.996344
609 		 0 		    240905   0.996344
610 		 0 		    240905   0.996344
611 		 1 		    240906   0.996348
612 		 1 		    240907   0.996352
613 		 1 		    240908   0.996356
614 		 2 		    240910   0.996365
615 		 0 		    240910   0.996365
616 		 1 		    240911   0.996369
617 		 1 		    240912   0.996373
618 		 1 		    240913   0.996377
619 		 1 		    240914   0.996381
620 		 3 		    240917   0.996394
621 		 4 		    240921   0.99641
622 		 1 		    240922   0.996414
623 		 1 		    240923   0.996418
624 		 0 		    240923   0.996418
625 		 0 		    240923   0.996418
626 		 0 		    240923   0.996418
627 		 1 		    240924   0.996423
628 		 1 		    240925   0.996427
629 		 1 		    240926   0.996431
630 		 0 		    240926   0.996431
631 		 1 		    240927   0.996435
632 		 3 		    240930   0.996447
633 		 2 		    240932   0.996456
634 		 0 		    240932   0.996456
635 		 2 		    240934   0.996464
636 		 2 		    240936   0.996472
637 		 0 		    240936   0.996472
638 		 1 		    240937   0.996476
639 		 1 		    240938   0.99648
640 		 3 		    240941   0.996493
641 		 3 		    240944   0.996505
642 		 2 		    240946   0.996513
643 		 1 		    240947   0.996518
644 		 1 		    240948   0.996522
645 		 0 		    240948   0.996522
646 		 0 		    240948   0.996522
647 		 2 		    240950   0.99653
648 		 1 		    240951   0.996534
649 		 1 		    240952   0.996538
650 		 0 		    240952   0.996538
651 		 3 		    240955   0.996551
652 		 2 		    240957   0.996559
653 		 1 		    240958   0.996563
654 		 2 		    240960   0.996571
655 		 2 		    240962   0.99658
656 		 0 		    240962   0.99658
657 		 1 		    240963   0.996584
658 		 1 		    240964   0.996588
659 		 1 		    240965   0.996592
660 		 2 		    240967   0.9966
661 		 0 		    240967   0.9966
662 		 0 		    240967   0.9966
663 		 2 		    240969   0.996609
664 		 1 		    240970   0.996613
665 		 3 		    240973   0.996625
666 		 3 		    240976   0.996638
667 		 0 		    240976   0.996638
668 		 0 		    240976   0.996638
669 		 3 		    240979   0.99665
670 		 1 		    240980   0.996654
671 		 2 		    240982   0.996662
672 		 0 		    240982   0.996662
673 		 1 		    240983   0.996667
674 		 1 		    240984   0.996671
675 		 1 		    240985   0.996675
676 		 1 		    240986   0.996679
677 		 2 		    240988   0.996687
678 		 1 		    240989   0.996691
679 		 1 		    240990   0.996695
680 		 2 		    240992   0.996704
681 		 0 		    240992   0.996704
682 		 1 		    240993   0.996708
683 		 3 		    240996   0.99672
684 		 1 		    240997   0.996724
685 		 1 		    240998   0.996729
686 		 1 		    240999   0.996733
687 		 0 		    240999   0.996733
688 		 0 		    240999   0.996733
689 		 3 		    241002   0.996745
690 		 1 		    241003   0.996749
691 		 0 		    241003   0.996749
692 		 0 		    241003   0.996749
693 		 2 		    241005   0.996758
694 		 1 		    241006   0.996762
695 		 0 		    241006   0.996762
696 		 3 		    241009   0.996774
697 		 0 		    241009   0.996774
698 		 1 		    241010   0.996778
699 		 1 		    241011   0.996782
700 		 2 		    241013   0.996791
701 		 4 		    241017   0.996807
702 		 2 		    241019   0.996815
703 		 2 		    241021   0.996824
704 		 3 		    241024   0.996836
705 		 0 		    241024   0.996836
706 		 2 		    241026   0.996844
707 		 5 		    241031   0.996865
708 		 0 		    241031   0.996865
709 		 0 		    241031   0.996865
710 		 1 		    241032   0.996869
711 		 5 		    241037   0.99689
712 		 2 		    241039   0.996898
713 		 1 		    241040   0.996902
714 		 0 		    241040   0.996902
715 		 4 		    241044   0.996919
716 		 0 		    241044   0.996919
717 		 1 		    241045   0.996923
718 		 12 		    241057   0.996973
719 		 0 		    241057   0.996973
720 		 3 		    241060   0.996985
721 		 1 		    241061   0.996989
722 		 0 		    241061   0.996989
723 		 0 		    241061   0.996989
724 		 2 		    241063   0.996997
725 		 0 		    241063   0.996997
726 		 0 		    241063   0.996997
727 		 1 		    241064   0.997002
728 		 1 		    241065   0.997006
729 		 0 		    241065   0.997006
730 		 0 		    241065   0.997006
731 		 1 		    241066   0.99701
732 		 1 		    241067   0.997014
733 		 4 		    241071   0.99703
734 		 1 		    241072   0.997035
735 		 0 		    241072   0.997035
736 		 3 		    241075   0.997047
737 		 0 		    241075   0.997047
738 		 1 		    241076   0.997051
739 		 1 		    241077   0.997055
740 		 1 		    241078   0.997059
741 		 1 		    241079   0.997064
742 		 1 		    241080   0.997068
743 		 1 		    241081   0.997072
744 		 3 		    241084   0.997084
745 		 1 		    241085   0.997088
746 		 0 		    241085   0.997088
747 		 3 		    241088   0.997101
748 		 0 		    241088   0.997101
749 		 2 		    241090   0.997109
750 		 1 		    241091   0.997113
751 		 1 		    241092   0.997117
752 		 0 		    241092   0.997117
753 		 2 		    241094   0.997126
754 		 0 		    241094   0.997126
755 		 2 		    241096   0.997134
756 		 3 		    241099   0.997146
757 		 0 		    241099   0.997146
758 		 0 		    241099   0.997146
759 		 0 		    241099   0.997146
760 		 0 		    241099   0.997146
761 		 2 		    241101   0.997155
762 		 0 		    241101   0.997155
763 		 1 		    241102   0.997159
764 		 0 		    241102   0.997159
765 		 0 		    241102   0.997159
766 		 0 		    241102   0.997159
767 		 2 		    241104   0.997167
768 		 2 		    241106   0.997175
769 		 0 		    241106   0.997175
770 		 1 		    241107   0.997179
771 		 3 		    241110   0.997192
772 		 1 		    241111   0.997196
773 		 0 		    241111   0.997196
774 		 1 		    241112   0.9972
775 		 0 		    241112   0.9972
776 		 3 		    241115   0.997212
777 		 0 		    241115   0.997212
778 		 0 		    241115   0.997212
779 		 0 		    241115   0.997212
780 		 1 		    241116   0.997217
781 		 0 		    241116   0.997217
782 		 0 		    241116   0.997217
783 		 2 		    241118   0.997225
784 		 0 		    241118   0.997225
785 		 2 		    241120   0.997233
786 		 0 		    241120   0.997233
787 		 0 		    241120   0.997233
788 		 4 		    241124   0.99725
789 		 0 		    241124   0.99725
790 		 0 		    241124   0.99725
791 		 1 		    241125   0.997254
792 		 0 		    241125   0.997254
793 		 1 		    241126   0.997258
794 		 0 		    241126   0.997258
795 		 1 		    241127   0.997262
796 		 0 		    241127   0.997262
797 		 1 		    241128   0.997266
798 		 0 		    241128   0.997266
799 		 0 		    241128   0.997266
800 		 0 		    241128   0.997266
801 		 0 		    241128   0.997266
802 		 1 		    241129   0.99727
803 		 0 		    241129   0.99727
804 		 2 		    241131   0.997279
805 		 2 		    241133   0.997287
806 		 2 		    241135   0.997295
807 		 3 		    241138   0.997308
808 		 3 		    241141   0.99732
809 		 1 		    241142   0.997324
810 		 0 		    241142   0.997324
811 		 0 		    241142   0.997324
812 		 0 		    241142   0.997324
813 		 1 		    241143   0.997328
814 		 1 		    241144   0.997332
815 		 0 		    241144   0.997332
816 		 0 		    241144   0.997332
817 		 0 		    241144   0.997332
818 		 0 		    241144   0.997332
819 		 1 		    241145   0.997337
820 		 0 		    241145   0.997337
821 		 0 		    241145   0.997337
822 		 8 		    241153   0.99737
823 		 0 		    241153   0.99737
824 		 0 		    241153   0.99737
825 		 1 		    241154   0.997374
826 		 0 		    241154   0.997374
827 		 0 		    241154   0.997374
828 		 0 		    241154   0.997374
829 		 0 		    241154   0.997374
830 		 2 		    241156   0.997382
831 		 3 		    241159   0.997394
832 		 0 		    241159   0.997394
833 		 0 		    241159   0.997394
834 		 4 		    241163   0.997411
835 		 1 		    241164   0.997415
836 		 2 		    241166   0.997423
837 		 3 		    241169   0.997436
838 		 1 		    241170   0.99744
839 		 1 		    241171   0.997444
840 		 1 		    241172   0.997448
841 		 3 		    241175   0.997461
842 		 1 		    241176   0.997465
843 		 1 		    241177   0.997469
844 		 0 		    241177   0.997469
845 		 0 		    241177   0.997469
846 		 0 		    241177   0.997469
847 		 0 		    241177   0.997469
848 		 0 		    241177   0.997469
849 		 3 		    241180   0.997481
850 		 0 		    241180   0.997481
851 		 0 		    241180   0.997481
852 		 0 		    241180   0.997481
853 		 2 		    241182   0.99749
854 		 1 		    241183   0.997494
855 		 2 		    241185   0.997502
856 		 0 		    241185   0.997502
857 		 0 		    241185   0.997502
858 		 0 		    241185   0.997502
859 		 0 		    241185   0.997502
860 		 0 		    241185   0.997502
861 		 0 		    241185   0.997502
862 		 0 		    241185   0.997502
863 		 1 		    241186   0.997506
864 		 0 		    241186   0.997506
865 		 0 		    241186   0.997506
866 		 1 		    241187   0.99751
867 		 0 		    241187   0.99751
868 		 0 		    241187   0.99751
869 		 0 		    241187   0.99751
870 		 0 		    241187   0.99751
871 		 3 		    241190   0.997523
872 		 1 		    241191   0.997527
873 		 0 		    241191   0.997527
874 		 0 		    241191   0.997527
875 		 0 		    241191   0.997527
876 		 0 		    241191   0.997527
877 		 0 		    241191   0.997527
878 		 1 		    241192   0.997531
879 		 0 		    241192   0.997531
880 		 1 		    241193   0.997535
881 		 0 		    241193   0.997535
882 		 0 		    241193   0.997535
883 		 0 		    241193   0.997535
884 		 1 		    241194   0.997539
885 		 1 		    241195   0.997543
886 		 0 		    241195   0.997543
887 		 1 		    241196   0.997547
888 		 0 		    241196   0.997547
889 		 0 		    241196   0.997547
890 		 0 		    241196   0.997547
891 		 0 		    241196   0.997547
892 		 1 		    241197   0.997552
893 		 0 		    241197   0.997552
894 		 0 		    241197   0.997552
895 		 0 		    241197   0.997552
896 		 2 		    241199   0.99756
897 		 1 		    241200   0.997564
898 		 1 		    241201   0.997568
899 		 1 		    241202   0.997572
900 		 0 		    241202   0.997572
901 		 0 		    241202   0.997572
902 		 1 		    241203   0.997576
903 		 0 		    241203   0.997576
904 		 0 		    241203   0.997576
905 		 0 		    241203   0.997576
906 		 0 		    241203   0.997576
907 		 0 		    241203   0.997576
908 		 0 		    241203   0.997576
909 		 0 		    241203   0.997576
910 		 1 		    241204   0.997581
911 		 0 		    241204   0.997581
912 		 2 		    241206   0.997589
913 		 3 		    241209   0.997601
914 		 1 		    241210   0.997605
915 		 0 		    241210   0.997605
916 		 0 		    241210   0.997605
917 		 1 		    241211   0.997609
918 		 0 		    241211   0.997609
919 		 0 		    241211   0.997609
920 		 0 		    241211   0.997609
921 		 0 		    241211   0.997609
922 		 0 		    241211   0.997609
923 		 1 		    241212   0.997614
924 		 1 		    241213   0.997618
925 		 0 		    241213   0.997618
926 		 0 		    241213   0.997618
927 		 0 		    241213   0.997618
928 		 0 		    241213   0.997618
929 		 0 		    241213   0.997618
930 		 0 		    241213   0.997618
931 		 2 		    241215   0.997626
932 		 1 		    241216   0.99763
933 		 0 		    241216   0.99763
934 		 0 		    241216   0.99763
935 		 0 		    241216   0.99763
936 		 1 		    241217   0.997634
937 		 1 		    241218   0.997638
938 		 1 		    241219   0.997643
939 		 0 		    241219   0.997643
940 		 1 		    241220   0.997647
941 		 2 		    241222   0.997655
942 		 0 		    241222   0.997655
943 		 4 		    241226   0.997672
944 		 0 		    241226   0.997672
945 		 2 		    241228   0.99768
946 		 0 		    241228   0.99768
947 		 0 		    241228   0.99768
948 		 1 		    241229   0.997684
949 		 2 		    241231   0.997692
950 		 1 		    241232   0.997696
951 		 2 		    241234   0.997705
952 		 6 		    241240   0.997729
953 		 0 		    241240   0.997729
954 		 0 		    241240   0.997729
955 		 0 		    241240   0.997729
956 		 2 		    241242   0.997738
957 		 0 		    241242   0.997738
958 		 1 		    241243   0.997742
959 		 0 		    241243   0.997742
960 		 0 		    241243   0.997742
961 		 0 		    241243   0.997742
962 		 0 		    241243   0.997742
963 		 0 		    241243   0.997742
964 		 0 		    241243   0.997742
965 		 0 		    241243   0.997742
966 		 1 		    241244   0.997746
967 		 0 		    241244   0.997746
968 		 1 		    241245   0.99775
969 		 1 		    241246   0.997754
970 		 0 		    241246   0.997754
971 		 0 		    241246   0.997754
972 		 0 		    241246   0.997754
973 		 0 		    241246   0.997754
974 		 2 		    241248   0.997763
975 		 0 		    241248   0.997763
976 		 1 		    241249   0.997767
977 		 1 		    241250   0.997771
978 		 3 		    241253   0.997783
979 		 0 		    241253   0.997783
980 		 0 		    241253   0.997783
981 		 0 		    241253   0.997783
982 		 0 		    241253   0.997783
983 		 0 		    241253   0.997783
984 		 0 		    241253   0.997783
985 		 1 		    241254   0.997787
986 		 1 		    241255   0.997791
987 		 0 		    241255   0.997791
988 		 2 		    241257   0.9978
989 		 1 		    241258   0.997804
990 		 0 		    241258   0.997804
991 		 1 		    241259   0.997808
992 		 0 		    241259   0.997808
993 		 0 		    241259   0.997808
994 		 0 		    241259   0.997808
995 		 0 		    241259   0.997808
996 		 0 		    241259   0.997808
997 		 0 		    241259   0.997808
998 		 0 		    241259   0.997808
999 		 0 		    241259   0.997808
1000 		 530 		    241789   1
